0.008
0.016
0.024000002
0.032
0.039999988
0.047999974
0.05599996
0.06399995
0.07199997
0.07999998
0.088
0.096000016
0.10400003
0.11200005
0.120000064
0.12800008
0.1360001
0.14400011
0.15200013
0.16000015
0.16800016
0.17600018
0.1840002
0.19200021
0.20000023
0.20800024
0.21600026
0.22400028
0.23200029
0.24000031
0.24800032
0.25600025
0.26400015
0.27200004
0.27999994
0.28799984
0.29599974
0.30399963
0.31199953
0.31999943
0.32799932
0.33599922
0.34399912
0.351999
0.3599989
0.3679988
0.3759987
0.3839986
0.3919985
0.3999984
0.4079983
0.4159982
0.4239981
0.43199798
0.43999788
0.44799778
0.45599768
0.46399757
0.47199747
0.47999737
0.48799726
0.49599716
0.5039971
0.511997
0.5199969
0.5279968
0.5359967
0.5439966
0.55199647
0.55999637
0.56799626
0.57599616
0.58399606
0.59199595
0.59999585
0.60799575
0.61599565
0.62399554
0.63199544
0.63999534
0.64799523
0.65599513
0.663995
0.6719949
0.6799948
0.6879947
0.6959946
0.7039945
0.7119944
0.7199943
0.7279942
0.7359941
0.743994
0.7519939
0.7599938
0.7679937
0.7759936
0.7839935
0.7919934
0.7999933
0.8079932
0.8159931
0.82399297
0.83199286
0.83999276
0.84799266
0.85599256
0.86399245
0.87199235
0.87999225
0.88799214
0.89599204
0.90399194
0.91199183
0.91999173
0.9279916
0.9359915
0.9439914
0.9519913
0.9599912
0.9679911
0.975991
0.9839909
0.9919908
0.9999907
1.0079911
1.0159914
1.0239918
1.0319922
1.0399926
1.047993
1.0559933
1.0639937
1.0719941
1.0799944
1.0879948
1.0959952
1.1039956
1.1119959
1.1199963
1.1279967
1.135997
1.1439974
1.1519978
1.1599982
1.1679986
1.1759989
1.1839993
1.1919997
1.2
1.2080004
1.2160008
1.2240012
1.2320015
1.2400019
1.2480023
1.2560027
1.264003
1.2720034
1.2800038
1.2880042
1.2960045
1.3040049
1.3120053
1.3200057
1.328006
1.3360064
1.3440068
1.3520072
1.3600075
1.3680079
1.3760083
1.3840086
1.392009
1.4000094
1.4080098
1.4160101
1.4240105
1.4320109
1.4400113
1.4480116
1.456012
1.4640124
1.4720128
1.4800131
1.4880135
1.4960139
1.5040143
1.5120146
1.520015
1.5280154
1.5360157
1.5440161
1.5520165
1.5600169
1.5680172
1.5760176
1.584018
1.5920184
1.6000187
1.6080191
1.6160195
1.6240199
1.6320202
1.6400206
1.648021
1.6560214
1.6640217
1.6720221
1.6800225
1.6880229
1.6960232
1.7040236
1.712024
1.7200243
1.7280247
1.7360251
1.7440255
1.7520258
1.7600262
1.7680266
1.776027
1.7840273
1.7920277
1.8000281
1.8080285
1.8160288
1.8240292
1.8320296
1.84003
1.8480303
1.8560307
1.8640311
1.8720315
1.8800318
1.8880322
1.8960326
1.904033
1.9120333
1.9200337
1.9280341
1.9360344
1.9440348
1.9520352
1.9600356
1.9680359
1.9760363
1.9840367
1.992037
2.0000374
